{"CONFIG": {"n_list": [8, 12, 16, 20], "B_rule": "half", "q_list": [0.2, 0.5, 0.8], "instance_kind": "synthetic_factor"}, "INSTANCE_KEYS": ["(8, 4, 0.2, 'synthetic_factor', 2025)", "(8, 4, 0.5, 'synthetic_factor', 2026)", "(8, 4, 0.8, 'synthetic_factor', 2027)", "(12, 6, 0.2, 'synthetic_factor', 2028)", "(12, 6, 0.5, 'synthetic_factor', 2029)", "(12, 6, 0.8, 'synthetic_factor', 2030)", "(16, 8, 0.2, 'synthetic_factor', 2031)", "(16, 8, 0.5, 'synthetic_factor', 2032)", "(16, 8, 0.8, 'synthetic_factor', 2033)", "(20, 10, 0.2, 'synthetic_factor', 2034)", "(20, 10, 0.5, 'synthetic_factor', 2035)", "(20, 10, 0.8, 'synthetic_factor', 2036)"], "INSTANCES": {"(8, 4, 0.2, 'synthetic_factor', 2025)": {"n": 8, "B": 4, "q": 0.2, "seed": 2025, "A": 1.0508940249989034, "mu": [-0.04442507751490754, 0.0005199930529916271, -0.010779380407058534, -0.022583855509636392, -0.04883733291265908, 0.015307828063230488, -0.01519418690766559, 0.005339923898545021], "Sigma": [[0.035774030305667885, 0.019821747526039185, -0.04558065507192001, 0.06468758179483358, -0.04050710145883929, 0.03367064717625901, 0.026139232909384982, -0.009240479272814342], [0.019821747526039185, 0.05334053281217607, -0.06791148485525625, 0.09367266472001456, -0.0869380795608238, 0.021433059071657275, 0.05225356230908729, -0.0059359516807716405], [-0.04558065507192001, -0.06791148485525625, 0.14838194263053492, -0.21759736009343825, 0.1561484178312006, -0.017052879959577848, -0.08166384840196292, 0.013706047799401115], [0.06468758179483358, 0.09367266472001456, -0.21759736009343825, 0.4351115904609061, -0.2588718229686396, -0.07040096321719123, 0.10434213535344666, -0.015623070760259015], [-0.04050710145883929, -0.0869380795608238, 0.1561484178312006, -0.2588718229686396, 0.21468416974137164, 0.009146627451950828, -0.10216465312302726, 0.009915117167512822], [0.03367064717625901, 0.021433059071657275, -0.017052879959577848, -0.07040096321719123, 0.009146627451950828, 0.17646956877519485, 0.03942796076992619, -0.01783996398033745], [0.026139232909384982, 0.05225356230908729, -0.08166384840196292, 0.10434213535344666, -0.10216465312302726, 0.03942796076992619, 0.07103067011647653, -0.008474401030792595], [-0.009240479272814342, -0.0059359516807716405, 0.013706047799401115, -0.015623070760259015, 0.009915117167512822, -0.01783996398033745, -0.008474401030792595, 0.010074367862096482]], "Q_triplets": [[0, 0, -7.313563306919264], [1, 1, -7.346006062872282], [2, 2, -7.3179582821405695], [3, 3, -7.2511687724924325], [4, 4, -7.274251474713922], [5, 5, -7.333210523687868], [6, 6, -7.329896691442896], [7, 7, -7.35851524053874], [0, 1, 2.1097167490082223], [0, 2, 2.083555787969039], [0, 3, 2.12766308271574], [0, 4, 2.085585209414271], [0, 5, 2.1152563088683105], [0, 6, 2.1122437431615606], [0, 7, 2.098091858288681], [1, 2, 2.074623456055704], [1, 3, 2.1392571158858127], [1, 4, 2.067012818173477], [1, 5, 2.1103612736264696], [1, 6, 2.1226894749214416], [1, 7, 2.0994136693254983], [2, 3, 2.0147491059604317], [2, 4, 2.1642474171302872], [2, 5, 2.0949668980139755], [2, 6, 2.0691225106370217], [2, 7, 2.107270469117567], [3, 4, 1.998239320810351], [3, 5, 2.0736276647109304], [3, 6, 2.1435249041391855], [3, 7, 2.095538821693703], [4, 5, 2.105446700978587], [4, 6, 2.060922188748596], [4, 7, 2.105754096864812], [5, 6, 2.1175592343057774], [5, 7, 2.094652064405672], [6, 7, 2.09839828958549]], "meta": {"kind": "synthetic_factor", "tickers": ["A0", "A1", "A2", "A3", "A4", "A5", "A6", "A7"]}}, "(8, 4, 0.5, 'synthetic_factor', 2026)": {"n": 8, "B": 4, "q": 0.5, "seed": 2026, "A": 1.345548222946219, "mu": [-0.01586244950315798, 0.004811425670765497, -0.03792652699198131, 0.027915434202173885, 0.012765894818564305, -0.00584094970438727, -0.0062389865638035145, 0.006076707355576248], "Sigma": [[0.04082042257088292, -0.007393120181232109, -0.007803451528576576, -0.04427801305615234, -0.007513896882159179, 0.04834625807356698, -0.039974887524669475, 0.04762056268870087], [-0.007393120181232109, 0.028716099715356727, 0.006268455442403699, 0.016321647475205935, -0.010716435863822624, -0.010946985107788128, -0.013936095086088101, 0.001981736246685367], [-0.007803451528576576, 0.006268455442403699, 0.02905964918729907, 0.02893071117598031, -0.015447817985399615, -0.046188797054410605, -0.017838779917360957, 0.008024711753926522], [-0.04427801305615234, 0.016321647475205935, 0.02893071117598031, 0.10234800310853481, -0.0011238086328048506, -0.10692340307247736, 0.044945240573430786, -0.06435771051090806], [-0.007513896882159179, -0.010716435863822624, -0.015447817985399615, -0.0011238086328048506, 0.036230409463637064, 0.0027442105106223504, 0.060454491016991005, -0.04661487598950631], [0.04834625807356698, -0.010946985107788128, -0.046188797054410605, -0.10692340307247736, 0.0027442105106223504, 0.1584868699456862, -0.05091563657820126, 0.06756850932797762], [-0.039974887524669475, -0.013936095086088101, -0.017838779917360957, 0.044945240573430786, 0.060454491016991005, -0.05091563657820126, 0.16645153755075087, -0.1345548222946219], [0.04762056268870087, 0.001981736246685367, 0.008024711753926522, -0.06435771051090806, -0.04661487598950631, 0.06756850932797762, -0.1345548222946219, 0.14449584309019115]], "Q_triplets": [[0, 0, -9.390496124586512], [1, 1, -9.406885223601238], [2, 2, -9.385344472533893], [3, 3, -9.381621276170353], [4, 4, -9.407105303300996], [5, 5, -9.336673650798497], [6, 6, -9.332492298566256], [7, 7, -9.349627992756226], [0, 1, 2.683703325711206], [0, 2, 2.6832929943638613], [0, 3, 2.6468184328362856], [0, 4, 2.683582549010279], [0, 5, 2.739442703966005], [0, 6, 2.6511215583677687], [0, 7, 2.7387170085811388], [1, 2, 2.6973649013348417], [1, 3, 2.707418093367644], [1, 4, 2.6803800100286153], [1, 5, 2.68014946078465], [1, 6, 2.67716035080635], [1, 7, 2.693078182139123], [2, 3, 2.7200271570684182], [2, 4, 2.6756486279070386], [2, 5, 2.644907648838027], [2, 6, 2.673257665975077], [2, 7, 2.6991211576463647], [3, 4, 2.689972637259633], [3, 5, 2.5841730428199607], [3, 6, 2.7360416864658688], [3, 7, 2.62673873538153], [4, 5, 2.6938406564030606], [4, 6, 2.751550936909429], [4, 7, 2.644481569902932], [5, 6, 2.640180809314237], [5, 7, 2.7586649552204157], [6, 7, 2.5565416235978162]], "meta": {"kind": "synthetic_factor", "tickers": ["A0", "A1", "A2", "A3", "A4", "A5", "A6", "A7"]}}, "(8, 4, 0.8, 'synthetic_factor', 2027)": {"n": 8, "B": 4, "q": 0.8, "seed": 2027, "A": 2.964051733185617, "mu": [0.002218207168186093, -0.0016751539189344394, -0.016083193719979228, -0.043043139474141505, 0.02423703849719098, -0.00963926183324789, -0.0038951312426116825, -0.01765590521537743], "Sigma": [[0.07031121762505133, 0.006447085412567479, -0.0017312202292585972, 0.048955189551564735, -0.01589013112524199, 0.03577133599121283, -0.008088916524169334, -0.09025239838798355], [0.006447085412567479, 0.02557017056061435, -0.03958527579316157, -0.005229416287351441, 0.05142113629528317, -0.05276545970806206, 0.02774628058827489, -0.001978117927802856], [-0.0017312202292585972, -0.03958527579316157, 0.1866824437745387, 0.012073719001007188, -0.05418916994096451, 0.1361591975697047, -0.03747004503624328, -0.04410414298141916], [0.048955189551564735, -0.005229416287351441, 0.012073719001007188, 0.05917549103573521, -0.06058800010912866, 0.06590848863584323, -0.030685380399295793, -0.07677395837821376], [-0.01589013112524199, 0.05142113629528317, -0.05418916994096451, -0.06058800010912866, 0.2577173204483014, -0.18525323332410107, 0.1264441469278323, 0.019301793899508073], [0.03577133599121283, -0.05276545970806206, 0.1361591975697047, 0.06590848863584323, -0.18525323332410107, 0.22383270483660933, -0.10001563492661111, -0.08539382246502122], [-0.008088916524169334, 0.02774628058827489, -0.03747004503624328, -0.030685380399295793, 0.1264441469278323, -0.10001563492661111, 0.09382704878564893, 0.013359760872000635], [-0.09025239838798355, -0.001978117927802856, -0.04410414298141916, -0.07677395837821376, 0.019301793899508073, -0.08539382246502122, 0.013359760872000635, 0.17169047805046903]], "Q_triplets": [[0, 0, -20.692556799632918], [1, 1, -20.72757096506704], [2, 2, -20.595799538535694], [3, 3, -20.692413111575902], [4, 4, -20.547035683640118], [5, 5, -20.567368116063385], [6, 6, -20.67252146702228], [7, 7, -20.607478568815868], [0, 1, 5.938418803031342], [0, 2, 5.9253335140044205], [0, 3, 6.006431769653738], [0, 4, 5.902679256570847], [0, 5, 5.985337603957174], [0, 6, 5.915161199932563], [0, 7, 5.78369962895046], [1, 2, 5.864767025102176], [1, 3, 5.919736400311472], [1, 4, 6.010377284443687], [1, 5, 5.8436787308383344], [1, 6, 5.972497515312474], [1, 7, 5.92493847768675], [2, 3, 5.947421416772846], [2, 4, 5.841400794465691], [2, 5, 6.145958182482762], [2, 6, 5.868151394313245], [2, 7, 5.857536837600963], [3, 4, 5.8311626661966285], [3, 5, 6.033557048188583], [3, 6, 5.879006857732361], [3, 7, 5.805265132966092], [4, 5, 5.631698293052673], [4, 6, 6.130414101455766], [4, 7, 5.958986336610447], [5, 6, 5.768078450488656], [5, 7, 5.7914733504272], [6, 7, 5.949479083766435]], "meta": {"kind": "synthetic_factor", "tickers": ["A0", "A1", "A2", "A3", "A4", "A5", "A6", "A7"]}}, "(12, 6, 0.2, 'synthetic_factor', 2028)": {"n": 12, "B": 6, "q": 0.2, "seed": 2028, "A": 1.1369475455609224, "mu": [-0.004793480840111244, 0.023444273469583343, -0.029703254120996104, -0.03562865501050301, -0.01889187705929865, 0.008608689216324846, -0.011431342823551712, 0.02642849895091062, 0.0033619732186298476, 0.012614324558926372, 0.003005685677862776, 0.00824969237765057], "Sigma": [[0.32135855031393323, 0.04093448783705535, 0.07296788555339112, -0.033360911813276196, 0.12400511452043644, 0.016464730038041914, -0.07906720152467922, 0.042375404866057724, -0.0010117501100896096, 0.07998040023467895, -0.015298845973272891, 0.21172970507147176], [0.04093448783705535, 0.05418780365210331, -0.004641444598540278, -0.10039914214678389, 0.03651998000884779, 0.11547330044654847, -0.10834998915885903, 0.03364870018061407, -0.008312057532374613, 0.09030533601449425, 0.06591584589291721, -0.0386604149657383], [0.07296788555339112, -0.004641444598540278, 0.13729897785104456, 0.027884566272542786, 0.09203393159100481, 0.008793106756069272, -0.0028659371616841095, 0.12338301007359598, -0.021975052710706218, -0.0500937072208765, 0.04658200185980559, 0.022047461313662725], [-0.033360911813276196, -0.10039914214678389, 0.027884566272542786, 0.2472122539424331, -0.059140840191046186, -0.2669258745198516, 0.23816432288974723, -0.06762466115020688, 0.018749687799700182, -0.19697611111876157, -0.1562217129256956, 0.13236547695666356], [0.12400511452043644, 0.03651998000884779, 0.09203393159100481, -0.059140840191046186, 0.12627934303806426, 0.09475792026989467, -0.09330888246023478, 0.12001115397214171, -0.022254295180519825, 0.041597570890915724, 0.08096995175144511, 0.014703021137554506], [0.016464730038041914, 0.11547330044654847, 0.008793106756069272, -0.2669258745198516, 0.09475792026989467, 0.34609996381120345, -0.2842368863902306, 0.13669526514729927, -0.034025676602359015, 0.20658712262251655, 0.2214435456568181, -0.19650864501753257], [-0.07906720152467922, -0.10834998915885903, -0.0028659371616841095, 0.23816432288974723, -0.09330888246023478, -0.2842368863902306, 0.28464589178023353, -0.10158320793899575, 0.024554569230784536, -0.20371326402714607, -0.173019083684324, 0.11530645834124595], [0.042375404866057724, 0.03364870018061407, 0.12338301007359598, -0.06762466115020688, 0.12001115397214171, 0.13669526514729927, -0.10158320793899575, 0.18825635243640804, -0.03710096258657995, 0.01337428276532315, 0.13870723067002316, -0.08157012653089066], [-0.0010117501100896096, -0.008312057532374613, -0.021975052710706218, 0.018749687799700182, -0.022254295180519825, -0.034025676602359015, 0.024554569230784536, -0.03710096258657995, 0.020694505657596275, -0.005787467656292686, -0.03232488972945716, 0.0255322768121988], [0.07998040023467895, 0.09030533601449425, -0.0500937072208765, -0.19697611111876157, 0.041597570890915724, 0.20658712262251655, -0.20371326402714607, 0.01337428276532315, -0.005787467656292686, 0.20124137147567006, 0.09733371064674243, -0.05388123738653047], [-0.015298845973272891, 0.06591584589291721, 0.04658200185980559, -0.1562217129256956, 0.08096995175144511, 0.2214435456568181, -0.173019083684324, 0.13870723067002316, -0.03232488972945716, 0.09733371064674243, 0.1858694174644854, -0.15971758458169266], [0.21172970507147176, -0.0386604149657383, 0.022047461313662725, 0.13236547695666356, 0.014703021137554506, -0.19650864501753257, 0.11530645834124595, -0.08157012653089066, 0.0255322768121988, -0.05388123738653047, -0.15971758458169266, 0.2870179295677787]], "Q_triplets": [[0, 0, -12.438316506435271], [1, 1, -12.514340859215393], [2, 2, -12.45520060230314], [3, 3, -12.428477626373258], [4, 4, -12.466053630915095], [5, 5, -12.444089959780966], [6, 6, -12.440348748555259], [7, 7, -12.489914529843594], [8, 8, -12.504973678613531], [9, 9, -12.476266186522153], [10, 10, -12.47165366621954], [11, 11, -12.45561916915871], [0, 1, 2.290268886256667], [0, 2, 2.303082245343201], [0, 3, 2.2605507263965343], [0, 4, 2.3234971369300195], [0, 5, 2.2804809831370614], [0, 6, 2.242268210511973], [0, 7, 2.2908452530682677], [0, 8, 2.273490391077809], [0, 9, 2.3058872512157165], [0, 10, 2.2677755527325356], [0, 11, 2.3585869731504334], [1, 2, 2.272038513282429], [1, 3, 2.233735434263131], [1, 4, 2.288503083125384], [1, 5, 2.320084411300464], [1, 6, 2.230555095458301], [1, 7, 2.2873545711940904], [1, 8, 2.270570268108895], [1, 9, 2.3100172255276425], [1, 10, 2.300261429479012], [1, 11, 2.258430925135549], [2, 3, 2.2850489176308617], [2, 4, 2.3107086637582466], [2, 5, 2.2774123338242727], [2, 6, 2.272748716257171], [2, 7, 2.323248295151283], [2, 8, 2.265105070037562], [2, 9, 2.2538576082334942], [2, 10, 2.2925278918657668], [2, 11, 2.2827140756473097], [3, 4, 2.250238755045426], [3, 5, 2.167124741313904], [3, 6, 2.3691608202777434], [3, 7, 2.246845226661762], [3, 8, 2.281394966241725], [3, 9, 2.19510464667434], [3, 10, 2.2114064059515663], [3, 11, 2.3268412819045103], [4, 5, 2.3117982592298025], [4, 6, 2.236571538137751], [4, 7, 2.3218995527107014], [4, 8, 2.264993373049637], [4, 9, 2.290534119478211], [4, 10, 2.3062830718224228], [4, 11, 2.2797762995768664], [5, 6, 2.1602003365657527], [5, 7, 2.3285731971807646], [5, 8, 2.260284820480901], [5, 9, 2.3565299401708515], [5, 10, 2.362472509384572], [5, 11, 2.1952916331148318], [6, 7, 2.2332618079462465], [6, 8, 2.2837169188141586], [6, 9, 2.1924097855109865], [6, 10, 2.2046874576481152], [6, 11, 2.320017674458343], [7, 8, 2.2590547060872126], [7, 9, 2.279244804227974], [7, 10, 2.329377983389854], [7, 11, 2.2412670405094883], [8, 9, 2.2715801040593275], [8, 10, 2.260965135230062], [8, 11, 2.2841080018467244], [9, 10, 2.3128285753805415], [9, 11, 2.2523425961672325], [10, 11, 2.210008057289168]], "meta": {"kind": "synthetic_factor", "tickers": ["A0", "A1", "A2", "A3", "A4", "A5", "A6", "A7", "A8", "A9", "A10", "A11"]}}, "(12, 6, 0.5, 'synthetic_factor', 2029)": {"n": 12, "B": 6, "q": 0.5, "seed": 2029, "A": 2.3419355123824284, "mu": [-0.0050822705482933455, 0.012743724429267998, -0.014875763282481596, 0.029117929696577827, 0.000617404536793098, 0.01567708738530552, 0.02432511296594427, -0.0052438599397285224, -0.02327875152525071, -0.014955213703336495, 0.03005834454976394, 0.02666812277933694], "Sigma": [[0.020766367800031126, 0.028019873114635076, 0.004146693818915171, 0.000981131890663062, 0.06782549297744922, 0.0066729943136062545, -0.044227309410138554, 0.03402636660847555, 0.025436627044415232, 0.06743304666675688, -0.021698807867019405, 0.028805887786547763], [0.028019873114635076, 0.14843176253010792, -0.01961171075714026, -0.013958286371447472, 0.16434355838523274, 0.01985503442929984, -0.05461138975335214, 0.007341173906320258, 0.04936200103519221, 0.060779097489293506, -0.11700383588283343, 0.03569591465604224], [0.004146693818915171, -0.01961171075714026, 0.021100317645786446, -0.006371235984431902, -0.009514506097063375, -0.039932620764784495, -0.00334371926819246, 0.02870538353880424, 0.01100889274320922, 0.026802251130077805, 0.031164143255758215, 0.002949901045470483], [0.000981131890663062, -0.013958286371447472, -0.006371235984431902, 0.024496098629737208, 0.007014153808053838, 0.04818734863364971, -0.01952240152183412, -0.0002386390159419367, -0.009518502831013576, 0.013845571049106248, -0.004709586058520589, 0.01167206684862871], [0.06782549297744922, 0.16434355838523274, -0.009514506097063375, 0.007014153808053838, 0.310462657960339, 0.07583031035562719, -0.1740252724878825, 0.0942708719546576, 0.09468526403280708, 0.23419355123824281, -0.14813258727470277, 0.11249586449881287], [0.0066729943136062545, 0.01985503442929984, -0.039932620764784495, 0.04818734863364971, 0.07583031035562719, 0.18991203797381973, -0.06695295575389221, -0.026710905160968794, -0.02336249072742088, 0.02982505031713365, -0.07709850408198082, 0.03996628425956231], [-0.044227309410138554, -0.05461138975335214, -0.00334371926819246, -0.01952240152183412, -0.1740252724878825, -0.06695295575389221, 0.15199980016940903, -0.08294720411621317, -0.05245587451810703, -0.17965614197797622, 0.05861731550888995, -0.08283707273185636], [0.03402636660847555, 0.007341173906320258, 0.02870538353880424, -0.0002386390159419367, 0.0942708719546576, -0.026710905160968794, -0.08294720411621317, 0.10321725705655739, 0.051477332055424284, 0.15150805587077437, 0.010935767965242264, 0.054688225514225614], [0.025436627044415232, 0.04936200103519221, 0.01100889274320922, -0.009518502831013576, 0.09468526403280708, -0.02336249072742088, -0.05245587451810703, 0.051477332055424284, 0.05259914401790918, 0.09132718433672264, -0.027401208294846893, 0.03487910095445381], [0.06743304666675688, 0.060779097489293506, 0.026802251130077805, 0.013845571049106248, 0.23419355123824281, 0.02982505031713365, -0.17965614197797622, 0.15150805587077437, 0.09132718433672264, 0.2897978903630978, -0.04560617703093908, 0.11676773204327595], [-0.021698807867019405, -0.11700383588283343, 0.031164143255758215, -0.004709586058520589, -0.14813258727470277, -0.07709850408198082, 0.05861731550888995, 0.010935767965242264, -0.027401208294846893, -0.04560617703093908, 0.1383682650737694, -0.0370280361577879], [0.028805887786547763, 0.03569591465604224, 0.002949901045470483, 0.01167206684862871, 0.11249586449881287, 0.03996628425956231, -0.08283707273185636, 0.054688225514225614, 0.03487910095445381, 0.11676773204327595, -0.0370280361577879, 0.06470229710720467]], "Q_triplets": [[0, 0, -25.748366317032552], [1, 1, -25.693446617156294], [2, 2, -25.74330259574258], [3, 3, -25.763601551740134], [4, 4, -25.60636800949494], [5, 5, -25.674173160912456], [6, 6, -25.69745329260498], [7, 7, -25.70706007770857], [8, 8, -25.723351688435134], [9, 9, -25.608914084173495], [10, 10, -25.70713567594471], [11, 11, -25.74227354904278], [0, 1, 4.711890897879492], [0, 2, 4.6880177185837715], [0, 3, 4.68485215665552], [0, 4, 4.751696517742306], [0, 5, 4.690544019078463], [0, 6, 4.639643715354718], [0, 7, 4.717897391373333], [0, 8, 4.709307651809272], [0, 9, 4.751304071431614], [0, 10, 4.6621722168978375], [0, 11, 4.712676912551404], [1, 2, 4.664259314007716], [1, 3, 4.66991273839341], [1, 4, 4.84821458315009], [1, 5, 4.703726059194157], [1, 6, 4.629259635011505], [1, 7, 4.691212198671177], [1, 8, 4.733233025800049], [1, 9, 4.74465012225415], [1, 10, 4.566867188882023], [1, 11, 4.719566939420899], [2, 3, 4.677499788780425], [2, 4, 4.674356518667794], [2, 5, 4.643938404000072], [2, 6, 4.680527305496664], [2, 7, 4.7125764083036605], [2, 8, 4.694879917508066], [2, 9, 4.710673275894934], [2, 10, 4.715035168020615], [2, 11, 4.686820925810327], [3, 4, 4.690885178572911], [3, 5, 4.732058373398506], [3, 6, 4.664348623243023], [3, 7, 4.683632385748915], [3, 8, 4.6743525219338435], [3, 9, 4.697716595813963], [3, 10, 4.679161438706336], [3, 11, 4.6955430916134855], [4, 5, 4.759701335120484], [4, 6, 4.509845752276974], [4, 7, 4.778141896719514], [4, 8, 4.778556288797664], [4, 9, 4.9180645760031], [4, 10, 4.535738437490154], [4, 11, 4.79636688926367], [5, 6, 4.616918069010964], [5, 7, 4.657160119603888], [5, 8, 4.660508534037436], [5, 9, 4.71369607508199], [5, 10, 4.606772520682876], [5, 11, 4.723837309024419], [6, 7, 4.600923820648643], [6, 8, 4.63141515024675], [6, 9, 4.50421488278688], [6, 10, 4.742488340273747], [6, 11, 4.601033952033], [7, 8, 4.735348356820281], [7, 9, 4.835379080635631], [7, 10, 4.694806792730099], [7, 11, 4.738559250279082], [8, 9, 4.775198209101579], [8, 10, 4.65646981647001], [8, 11, 4.7187501257193105], [9, 10, 4.638264847733917], [9, 11, 4.800638756808133], [10, 11, 4.646842988607069]], "meta": {"kind": "synthetic_factor", "tickers": ["A0", "A1", "A2", "A3", "A4", "A5", "A6", "A7", "A8", "A9", "A10", "A11"]}}, "(12, 6, 0.8, 'synthetic_factor', 2030)": {"n": 12, "B": 6, "q": 0.8, "seed": 2030, "A": 3.210331463900205, "mu": [-0.004152908659362824, 0.012811484672684503, -0.02732789380685624, 0.05202515358962294, -0.009542554370202197, -0.010708378733655051, 0.055467797171415985, -0.018115629502680638, 0.028056046929956946, -0.028254741119466333, 0.030321891148641977, 0.03966829589353615], "Sigma": [[0.17424824215124068, 0.11777989944037282, 0.03128342586387012, 0.013298358782517308, 0.14309177989398397, 0.024538817759078187, 0.19369407324574694, -0.08196705712943013, 0.048812398204904184, -0.05541521967722528, 0.0839529672133974, 0.03132618751568321], [0.11777989944037282, 0.15787682254661548, -0.07003580528953417, 0.02001879359434924, 0.04036580995729241, 0.018814240075730407, 0.16691510046414304, -0.0943831410685883, -0.004045930882266397, -0.11743571494997115, 0.14107477115832878, 0.04280190841410981], [0.03128342586387012, -0.07003580528953417, 0.21417012341412042, 0.021528489283137935, 0.11843405659428038, -0.032910569102715836, -0.09426470493889899, 0.010310184280543807, 0.08926487882476672, 0.08903019177957383, -0.12303975549286394, -0.08645390569413099], [0.013298358782517308, 0.02001879359434924, 0.021528489283137935, 0.03618723586561619, -0.00519919870658364, -0.026195870706277064, -0.048355958626347145, -0.03729647582742835, 0.011531433714765438, -0.03699395647311841, 0.012459482744985977, -0.041827573962552], [0.14309177989398397, 0.04036580995729241, 0.11843405659428038, -0.00519919870658364, 0.21137690066509443, 0.025685336740928755, 0.1524103867142948, -0.028643519515952197, 0.08107055657818595, 0.03805976332806186, -0.011171758377366732, 0.015157609205325768], [0.024538817759078187, 0.018814240075730407, -0.032910569102715836, -0.026195870706277064, 0.025685336740928755, 0.04395332042799914, 0.09868129993074348, 0.011319084911190616, -0.008138375179773175, 0.008686137632088774, 0.02309742416246159, 0.053189418722079884], [0.19369407324574694, 0.16691510046414304, -0.09426470493889899, -0.048355958626347145, 0.1524103867142948, 0.09868129993074348, 0.4151583822803796, -0.05462246751395805, 0.003233946474254807, -0.057462196244636915, 0.15939569630298933, 0.1636415635221177], [-0.08196705712943013, -0.0943831410685883, 0.010310184280543807, -0.03729647582742835, -0.028643519515952197, 0.011319084911190616, -0.05462246751395805, 0.09418197620996359, -0.01303146186111304, 0.09090824949661747, -0.08362191500633191, 0.013059180966030433], [0.048812398204904184, -0.004045930882266397, 0.08926487882476672, 0.011531433714765438, 0.08107055657818595, -0.008138375179773175, 0.003233946474254807, -0.01303146186111304, 0.05826888808930521, 0.025857789061246028, -0.033608908724966496, -0.028965613244346294], [-0.05541521967722528, -0.11743571494997115, 0.08903019177957383, -0.03699395647311841, 0.03805976332806186, 0.008686137632088774, -0.057462196244636915, 0.09090824949661747, 0.025857789061246028, 0.14704977059427407, -0.1300591684229357, -0.006179329977076514], [0.0839529672133974, 0.14107477115832878, -0.12303975549286394, 0.012459482744985977, -0.011171758377366732, 0.02309742416246159, 0.15939569630298933, -0.08362191500633191, -0.033608908724966496, -0.1300591684229357, 0.1935815259682255, 0.05914291253597906], [0.03132618751568321, 0.04280190841410981, -0.08645390569413099, -0.041827573962552, 0.015157609205325768, 0.053189418722079884, 0.1636415635221177, 0.013059180966030433, -0.028965613244346294, -0.006179329977076514, 0.05914291253597906, 0.10985194226266863]], "Q_triplets": [[0, 0, -35.17341692744939], [1, 1, -35.1899069417995], [2, 2, -35.136844425409585], [3, 3, -35.29510134492769], [4, 4, -35.142636071496135], [5, 5, -35.276341770813126], [6, 6, -34.99261295651223], [7, 7, -35.234677396033746], [8, 8, -35.2726422018168], [9, 9, -35.19035533820294], [10, 10, -35.1648452603574], [11, 11, -35.23369820827082], [0, 1, 6.609110766905006], [0, 2, 6.470716409182602], [0, 3, 6.441940301852438], [0, 4, 6.649609775630784], [0, 5, 6.459925036214935], [0, 6, 6.730573444993605], [0, 7, 6.289515636393322], [0, 8, 6.498762764928257], [0, 9, 6.33199857631685], [0, 10, 6.554987675341846], [0, 11, 6.470784827825503], [1, 2, 6.308605639337156], [1, 3, 6.4526929975513685], [1, 4, 6.485248223732078], [1, 5, 6.450765711921578], [1, 6, 6.687727088543038], [1, 7, 6.269649902090668], [1, 8, 6.414189438388783], [1, 9, 6.232765783880456], [1, 10, 6.646382561653736], [1, 11, 6.489145981262985], [2, 3, 6.455108510653431], [2, 4, 6.610157418351259], [2, 5, 6.368006017236064], [2, 6, 6.269839399898172], [2, 7, 6.43715922264928], [2, 8, 6.563486733920037], [2, 9, 6.563111234647728], [2, 10, 6.223799319011827], [2, 11, 6.2823366786898], [3, 4, 6.412344209869876], [3, 5, 6.378749534670367], [3, 6, 6.3432933939982545], [3, 7, 6.360988566476524], [3, 8, 6.4391132217440346], [3, 9, 6.36147259744342], [3, 10, 6.440598100192387], [3, 11, 6.353738809460327], [4, 5, 6.461759466585896], [4, 6, 6.664519546543282], [4, 7, 6.374833296574886], [4, 8, 6.550375818325508], [4, 9, 6.4815585491253085], [4, 10, 6.402788114396623], [4, 11, 6.444915102528931], [5, 6, 6.5785530076895995], [5, 7, 6.438773463658315], [5, 8, 6.407641527512773], [5, 9, 6.434560748011752], [5, 10, 6.457618806460348], [5, 11, 6.505765997755738], [6, 7, 6.333266979778077], [6, 8, 6.425837242159218], [6, 9, 6.328723413808991], [6, 10, 6.6756960418851925], [6, 11, 6.682489429435798], [7, 8, 6.399812588822629], [7, 9, 6.566116126994998], [7, 10, 6.286867863790279], [7, 11, 6.441557617346058], [8, 9, 6.462035390298404], [8, 10, 6.366888673840464], [8, 11, 6.374317946609456], [9, 10, 6.212568258323713], [9, 11, 6.410775999837088], [10, 11, 6.515291587857976]], "meta": {"kind": "synthetic_factor", "tickers": ["A0", "A1", "A2", "A3", "A4", "A5", "A6", "A7", "A8", "A9", "A10", "A11"]}}, "(16, 8, 0.2, 'synthetic_factor', 2031)": {"n": 16, "B": 8, "q": 0.2, "seed": 2031, "A": 0.901723638156816, "mu": [0.0019475889736650812, 0.008892582728267623, 0.01554077461606766, 0.006156454876731774, -0.0003627243779603123, -0.007127396052928245, 0.013823076434164326, 0.011800210681874188, 0.018488236180712117, -0.024226345941249387, 0.022768146913987344, 0.0164441626374371, -0.03267910828883445, -0.013918779220940612, 0.010691295758200952, 0.024456072843380687], "Sigma": [[0.3846282629011913, 0.08584779972764352, 0.1621188210163292, -0.12809406520797928, 0.13808401587922167, 0.018805287201167642, -0.04276267277840296, -0.04715909070725792, 0.2013140866521162, 0.1336931839741559, -0.09151181976483334, 0.22543090953920397, 0.11918809326782376, -0.08581861167763205, -0.19430116514872733, -0.015384405802225878], [0.08584779972764352, 0.21388664882609026, 0.15408253366697158, -0.05328309761473629, -0.05464350031883639, 0.11843237178812284, -0.11465128043791087, 0.030440923218379677, 0.17454935942012167, 0.09479402950488741, 0.12762422542611596, 0.09498817933245704, 0.044915250019157554, -0.043315424767625635, -0.13465673042081786, 0.012680944339092044], [0.1621188210163292, 0.15408253366697158, 0.1781644335771543, -0.04220556980374046, 0.03002142145710206, 0.043872435396270296, -0.025285288325352165, 0.010135450142650857, 0.18470471508419556, 0.0863804240394016, 0.09133463911320806, 0.09173278224151708, 0.08881279791278192, -0.0731956192176101, -0.1093436763168013, -0.008111781401568149], [-0.12809406520797928, -0.05328309761473629, -0.04220556980374046, 0.08938352166267144, -0.006305091490255928, -0.06448691527641333, 0.09767931506003275, 0.01522197305265778, -0.06853753102986193, -0.06863056102101217, 0.051955917710700905, -0.12109180412084333, -0.013412258210069486, 0.008608532363635098, 0.11553524872402791, -0.01044986394196269], [0.13808401587922167, -0.05464350031883639, 0.03002142145710206, -0.006305091490255928, 0.1282207812257871, -0.08610323378108124, 0.09659571556973304, -0.03281132874991012, 0.02866696788171378, 0.005652250900385866, -0.06776532960217217, 0.027719904317284345, 0.06228253477154562, -0.04189349081284249, 0.004952809883766396, -0.02561357249219985], [0.018805287201167642, 0.11843237178812284, 0.043872435396270296, -0.06448691527641333, -0.08610323378108124, 0.13693084312090162, -0.15929701464971718, 0.01751976691728869, 0.06812760265181361, 0.06613543313352685, 0.03555446746943838, 0.08915618891944463, -0.0220106299373888, 0.012248919202021251, -0.11552966937096612, 0.02729244416132282], [-0.04276267277840296, -0.11465128043791087, -0.025285288325352165, 0.09767931506003275, 0.09659571556973304, -0.15929701464971718, 0.21782634813558385, -0.008746420647530166, -0.060649181499946594, -0.0830702909013725, 0.010255186863482, -0.13220638151090325, 0.039111030619864214, -0.027127423518666885, 0.1533278124246586, -0.03639394560037138], [-0.04715909070725792, 0.030440923218379677, 0.010135450142650857, 0.01522197305265778, -0.03281132874991012, 0.01751976691728869, -0.008746420647530166, 0.028700897117553227, 0.00621987627522719, -0.0042740907829046, 0.05082506763941386, -0.023857959980088647, -0.006854248599218048, 0.002097728922051785, 0.0091776989844767, 0.0037163507372022187], [0.2013140866521162, 0.17454935942012167, 0.18470471508419556, -0.06853753102986193, 0.02866696788171378, 0.06812760265181361, -0.060649181499946594, 0.00621987627522719, 0.2192229559845717, 0.10949451506944273, 0.07705045006977193, 0.1314827161609849, 0.09200588574394691, -0.07531439817442338, -0.14841633162736081, -0.003940967840720187], [0.1336931839741559, 0.09479402950488741, 0.0863804240394016, -0.06863056102101217, 0.005652250900385866, 0.06613543313352685, -0.0830702909013725, -0.0042740907829046, 0.10949451506944273, 0.08924136571293038, 0.001923291504937169, 0.11274703254244195, 0.03553913022092328, -0.028354681539542334, -0.1176875103232714, 0.006271739395247145], [-0.09151181976483334, 0.12762422542611596, 0.09133463911320806, 0.051955917710700905, -0.06776532960217217, 0.03555446746943838, 0.010255186863482, 0.05082506763941386, 0.07705045006977193, 0.001923291504937169, 0.21304944759692873, -0.06694097218950228, 0.02190559956586595, -0.02782334392028928, 0.019754751191009765, 0.00023918027929696693], [0.22543090953920397, 0.09498817933245704, 0.09173278224151708, -0.12109180412084333, 0.027719904317284345, 0.08915618891944463, -0.13220638151090325, -0.023857959980088647, 0.1314827161609849, 0.11274703254244195, -0.06694097218950228, 0.1980849686415919, 0.04100013503211103, -0.02920481271322336, -0.18217885790556057, 0.010583631213349702], [0.11918809326782376, 0.044915250019157554, 0.08881279791278192, -0.013412258210069486, 0.06228253477154562, -0.0220106299373888, 0.039111030619864214, -0.006854248599218048, 0.09200588574394691, 0.03553913022092328, 0.02190559956586595, 0.04100013503211103, 0.0825960827332837, -0.05119408148580954, -0.036639215340809536, -0.015635475447371518], [-0.08581861167763205, -0.043315424767625635, -0.0731956192176101, 0.008608532363635098, -0.04189349081284249, 0.012248919202021251, -0.027127423518666885, 0.002097728922051785, -0.07531439817442338, -0.028354681539542334, -0.02782334392028928, -0.02920481271322336, -0.05119408148580954, 0.053643570017241946, 0.028973405879026512, 0.011317661212051744], [-0.19430116514872733, -0.13465673042081786, -0.1093436763168013, 0.11553524872402791, 0.004952809883766396, -0.11552966937096612, 0.1533278124246586, 0.0091776989844767, -0.14841633162736081, -0.1176875103232714, 0.019754751191009765, -0.18217885790556057, -0.036639215340809536, 0.028973405879026512, 0.1931880036417911, -0.015576210934798388], [-0.015384405802225878, 0.012680944339092044, -0.008111781401568149, -0.01044986394196269, -0.02561357249219985, 0.02729244416132282, -0.03639394560037138, 0.0037163507372022187, -0.003940967840720187, 0.006271739395247145, 0.00023918027929696693, 0.010583631213349702, -0.015635475447371518, 0.011317661212051744, -0.015576210934798388, 0.019000103908483303]], "Q_triplets": [[0, 0, -13.450486990950933], [1, 1, -13.490191308769635], [2, 2, -13.502654305329662], [3, 3, -13.512903031921091], [4, 4, -13.499920236604714], [5, 5, -13.492766486885717], [6, 6, -13.493347763872453], [7, 7, -13.529554561474228], [8, 8, -13.496800570099895], [9, 9, -13.488625222456653], [10, 10, -13.501459200364044], [11, 11, -13.49939290873387], [12, 12, -13.483192069174516], [13, 13, -13.503990834972038], [14, 14, -13.495770008230442], [15, 15, -13.541619409845246], [0, 1, 1.8377863962046894], [0, 2, 1.8682948047201637], [0, 3, 1.7522096502304403], [0, 4, 1.8586808826653207], [0, 5, 1.810969391194099], [0, 6, 1.7863422072022708], [0, 7, 1.784583640030729], [0, 8, 1.8839729109744785], [0, 9, 1.8569245499032943], [0, 10, 1.7668425484076986], [0, 11, 1.8936196401293135], [0, 12, 1.8511225136207614], [0, 13, 1.7691198316425791], [0, 14, 1.725726810254141], [0, 15, 1.7972935139927417], [1, 2, 1.8650802897804206], [1, 3, 1.7821340372677374], [1, 4, 1.7815898761860975], [1, 5, 1.8508202250288812], [1, 6, 1.7575867641384677], [1, 7, 1.8156236456009838], [1, 8, 1.8732670200816806], [1, 9, 1.8413648881155869], [1, 10, 1.8544969664840785], [1, 11, 1.8414425480466148], [1, 12, 1.821413376321295], [1, 13, 1.7861211064065818], [1, 14, 1.7495845841453048], [1, 15, 1.8085196540492687], [2, 3, 1.7865650483921358], [2, 4, 1.8154558448964728], [2, 5, 1.8209962504721402], [2, 6, 1.793333160983491], [2, 7, 1.8075014563706924], [2, 8, 1.8773291623473103], [2, 9, 1.8379994459293927], [2, 10, 1.8399811319589152], [2, 11, 1.8401403892102388], [2, 12, 1.8389723954787447], [2, 13, 1.7741690286265879], [2, 14, 1.7597098057869114], [2, 15, 1.8002025637530048], [3, 4, 1.8009252397175297], [3, 5, 1.7776525102030667], [3, 6, 1.842519002337645], [3, 7, 1.809536065534695], [3, 8, 1.7760322639016872], [3, 9, 1.7759950519052272], [3, 10, 1.8242296433979124], [3, 11, 1.7550105546652948], [3, 12, 1.7980823730296043], [3, 13, 1.8068906892590861], [3, 14, 1.8496613758032432], [3, 15, 1.799267330736847], [4, 5, 1.7690059828011995], [4, 6, 1.8420855625415251], [4, 7, 1.790322744813668], [4, 8, 1.8149140634663175], [4, 9, 1.8057081766737864], [4, 10, 1.776341144472763], [4, 11, 1.8145352380405457], [4, 12, 1.8283602902222502], [4, 13, 1.786689879988495], [4, 14, 1.8054284002671386], [4, 15, 1.7932018473167521], [5, 6, 1.7397284704537452], [5, 7, 1.8104551830805475], [5, 8, 1.8306983173743574], [5, 9, 1.8299014495670427], [5, 10, 1.8176690633014074], [5, 11, 1.83910975188141], [5, 12, 1.7946430243386764], [5, 13, 1.8083468439944406], [5, 14, 1.7572354085652455], [5, 15, 1.814364253978161], [6, 7, 1.79994870805462], [6, 8, 1.7791876037136534], [6, 9, 1.770219159953083], [6, 10, 1.8075493510590248], [6, 11, 1.7505647237092707], [6, 12, 1.8190916885615778], [6, 13, 1.7925963069061652], [6, 14, 1.8647784012834954], [6, 15, 1.7888896980734834], [7, 8, 1.805935226823723], [7, 9, 1.80173764000047], [7, 10, 1.8237773033693976], [7, 11, 1.7939040923215965], [7, 12, 1.8007055768739448], [7, 13, 1.8042863678824528], [7, 14, 1.8071183559074226], [7, 15, 1.804933816608513], [8, 9, 1.847245082341409], [8, 10, 1.8342674563415409], [8, 11, 1.856040362778026], [8, 12, 1.8402496306112108], [8, 13, 1.7733215170438625], [8, 14, 1.7440807436626877], [8, 15, 1.8018708891773438], [9, 10, 1.8042165929156069], [9, 11, 1.8485460893306087], [9, 12, 1.8176629284020014], [9, 13, 1.792105403697815], [9, 14, 1.7563722721843233], [9, 15, 1.8059559720717309], [10, 11, 1.7766708874378312], [10, 12, 1.8122095161399783], [10, 13, 1.7923179387455164], [10, 14, 1.8113491767900358], [10, 15, 1.8035429484253507], [11, 12, 1.8198473303264764], [11, 13, 1.7917653512283427], [11, 14, 1.7305757331514078], [11, 15, 1.8076807287989718], [12, 13, 1.782969643719308], [12, 14, 1.7887915901773082], [12, 15, 1.7971930861346834], [13, 14, 1.8150366386652426], [13, 15, 1.8079743407984528], [14, 15, 1.7972167919397126]], "meta": {"kind": "synthetic_factor", "tickers": ["A0", "A1", "A2", "A3", "A4", "A5", "A6", "A7", "A8", "A9", "A10", "A11", "A12", "A13", "A14", "A15"]}}, "(16, 8, 0.5, 'synthetic_factor', 2032)": {"n": 16, "B": 8, "q": 0.5, "seed": 2032, "A": 2.3987367532962214, "mu": [-0.003715751335539641, -0.03373640908304286, 0.012781860786131222, 0.046360075165394275, 0.00033335567757451654, -0.05153181513195392, 0.002085334458714173, 0.0032330727245315238, 0.032292229923193555, 0.012218568462919717, 0.010790195786423413, 0.029168595255967378, 0.011118065670804183, -0.008233963241157466, -0.022874626110959858, -0.04377695419647503], "Sigma": [[0.07345045491798331, -0.015602519136214953, -0.07239033032380061, 0.07789190158128649, 0.10543318416849942, 0.025624521306220557, 0.05944876020163932, -0.1389102330631631, 0.006446946684895085, -0.05224617452067107, -0.025486469695289005, 0.023182901719586528, 0.018430081222867163, -0.01997162237461733, -0.0010264621667100057, -0.04513291108834699], [-0.015602519136214953, 0.03271515372554817, 0.03201118335994136, -0.02537932772657892, -0.017450154948725108, 0.007467125215595244, 0.037578101114151025, 0.06332572707499755, -0.012492961144759658, 0.04167475336542333, -0.04889619026494803, -0.04726846592472603, 0.001860058796090716, -0.011680107614727698, -0.0164971781632845, 0.022115535419207553], [-0.07239033032380061, 0.03201118335994136, 0.12520347388601874, -0.10698084041697387, -0.12354783543763509, -0.01474534083088282, -0.033123351448182986, 0.2185403359752351, 0.002328932376279952, 0.10302742307848237, -0.01619199114216753, -0.09129182013230737, -0.04088892777751914, 0.005300918939696153, 0.010513556560442332, 0.07281328538513732], [0.07789190158128649, -0.02537932772657892, -0.10698084041697387, 0.12759262460388357, 0.15179870397113232, 0.03525653328047586, 0.07794851770614965, -0.20551120596399305, 0.011872231354733826, -0.0798911441903295, -0.0283378898967988, 0.03915126218074463, 0.024819347014393388, -0.026601203364108202, 0.002095944212259681, -0.0669955087604883], [0.10543318416849942, -0.017450154948725108, -0.12354783543763509, 0.15179870397113232, 0.24138221978786856, 0.07784320653755625, 0.17816153472556473, -0.2321536290682009, 0.031666436359337864, -0.05924123020273564, -0.11598339928983976, -0.0372141568209675, 0.010645053208321903, -0.06890371138737725, 0.015238221051339505, -0.07298975518867824], [0.025624521306220557, 0.007467125215595244, -0.01474534083088282, 0.03525653328047586, 0.07784320653755625, 0.049176081704301426, 0.09446797573697152, -0.023294348633790533, 0.020015366371848864, 0.02066807394950465, -0.0829994460468674, -0.07422730914649185, -0.015041234180418707, -0.0403537673101616, 0.01399691085302979, -0.005013637724880786], [0.05944876020163932, 0.037578101114151025, -0.033123351448182986, 0.07794851770614965, 0.17816153472556473, 0.09446797573697152, 0.2768292820601782, -0.053726788991519045, -0.0014047952831259258, 0.05407368236338726, -0.23987367532962212, -0.1619200336424209, 0.013594839486982327, -0.0970266013280287, -0.027425158109803907, -0.011031369410840717], [-0.1389102330631631, 0.06332572707499755, 0.2185403359752351, -0.20551120596399305, -0.2321536290682009, -0.023294348633790533, -0.053726788991519045, 0.4338348020468767, 0.009223593236028674, 0.20556201511571567, -0.041855550143279976, -0.19065861087869157, -0.0844698413783802, 0.0048504448163