{"CONFIG": {"n_list": [10, 20, 30, 40], "B_rule": "half", "q_list": [0.2, 0.5, 0.8], "instance_kind": "synthetic_factor"}, "INSTANCE_KEYS": ["(10, 5, 0.2, 'synthetic_factor', 2025)", "(10, 5, 0.5, 'synthetic_factor', 2026)", "(10, 5, 0.8, 'synthetic_factor', 2027)", "(20, 10, 0.2, 'synthetic_factor', 2028)", "(20, 10, 0.5, 'synthetic_factor', 2029)", "(20, 10, 0.8, 'synthetic_factor', 2030)", "(30, 15, 0.2, 'synthetic_factor', 2031)", "(30, 15, 0.5, 'synthetic_factor', 2032)", "(30, 15, 0.8, 'synthetic_factor', 2033)", "(40, 20, 0.2, 'synthetic_factor', 2034)", "(40, 20, 0.5, 'synthetic_factor', 2035)", "(40, 20, 0.8, 'synthetic_factor', 2036)"], "INSTANCES": {"(10, 5, 0.2, 'synthetic_factor', 2025)": {"n": 10, "B": 5, "q": 0.2, "seed": 2025, "A": 0.8835012474720312, "mu": [-0.04442507751490754, 0.0005199930529916271, -0.010779380407058534, -0.022583855509636392, -0.04883733291265908, 0.015307828063230488, -0.01519418690766559, 0.005339923898545021, 0.014035617037702055, 0.005842426316380646], "Sigma": [[0.043023127677007625, -0.056429061928767996, 0.06891013845348262, -0.06257284501112695, 0.054151555943464456, 0.04397774270343499, -0.01426243341720408, 0.007639363486302033, 0.0018665150360482729, -0.05101586841392584], [-0.056429061928767996, 0.1423623711144472, -0.19975813114009186, 0.14746114026793924, -0.0755408416595936, -0.08568270260426841, 0.03272586044150434, -0.01288866736284218, 0.01843498284997762, 0.095773266052299], [0.06891013845348262, -0.19975813114009186, 0.39800659163342317, -0.2208753118680078, 0.013267649322737426, 0.09629567553712709, -0.039798989424294114, 0.016482905649190745, -0.05048571417175974, -0.11563999181852012], [-0.06257284501112695, 0.14746114026793924, -0.2208753118680078, 0.18595080097804123, -0.11402162299306673, -0.1103222009592763, 0.049901251166047086, -0.00960212971708537, 0.038945719799636555, 0.1053755691640836], [0.054151555943464456, -0.0755408416595936, 0.013267649322737426, -0.11402162299306673, 0.22872062199385626, 0.1133697013623056, -0.04969173353663592, 0.005177482440420798, -0.005965700374928093, -0.09252039831820186], [0.04397774270343499, -0.08568270260426841, 0.09629567553712709, -0.1103222009592763, 0.1133697013623056, 0.08372437010901067, -0.03478963943748659, 0.0065501250178602345, -0.014843392558371388, -0.07464903127797237], [-0.01426243341720408, 0.03272586044150434, -0.039798989424294114, 0.049901251166047086, -0.04969173353663592, -0.03478963943748659, 0.029132211547392366, 0.0006306904763535299, 0.017703656330069917, 0.023630134224511212], [0.007639363486302033, -0.01288866736284218, 0.016482905649190745, -0.00960212971708537, 0.005177482440420798, 0.0065501250178602345, 0.0006306904763535299, 0.006327347755306743, 0.006607892903600789, -0.013377190757471773], [0.0018665150360482729, 0.01843498284997762, -0.05048571417175974, 0.038945719799636555, -0.005965700374928093, -0.014843392558371388, 0.017703656330069917, 0.006607892903600789, 0.056491475491071606, -0.004868440854596442], [-0.05101586841392584, 0.095773266052299, -0.11563999181852012, 0.1053755691640836, -0.09252039831820186, -0.07464903127797237, 0.023630134224511212, -0.013377190757471773, -0.004868440854596442, 0.0940880473632107]], "Q_triplets": [[0, 0, -7.907366539700953], [1, 1, -7.923454747467784], [2, 2, -7.863286404595949], [3, 3, -7.896253982644963], [4, 4, -7.866697236519382], [5, 5, -7.947012615677063], [6, 6, -7.9335294354126695], [7, 7, -7.954517696816056], [8, 8, -7.951441425780228], [9, 9, -7.937367558828743], [0, 1, 1.7444308701725553], [0, 2, 1.7945665503254553], [0, 3, 1.7419733569396116], [0, 4, 1.7886631173214482], [0, 5, 1.7845935920254363], [0, 6, 1.7612975215771807], [0, 7, 1.7700582403385832], [0, 8, 1.7677491009584816], [0, 9, 1.7465961475784921], [1, 2, 1.6870992424880256], [1, 3, 1.825986951051238], [1, 4, 1.7367861582802249], [1, 5, 1.732729413902355], [1, 6, 1.780092839120664], [1, 7, 1.7618470279989256], [1, 8, 1.7743764880840533], [1, 9, 1.805311801364982], [2, 3, 1.6786523701968592], [2, 4, 1.7723095546731573], [2, 5, 1.8055207651589131], [2, 6, 1.7510828991743448], [2, 7, 1.7735956572037386], [2, 8, 1.7468082092753585], [2, 9, 1.7207464982166543], [3, 4, 1.7213938457468356], [3, 5, 1.7228736145603518], [3, 6, 1.786962995410481], [3, 7, 1.7631616430572281], [3, 8, 1.782580782863917], [3, 9, 1.8091527226096957], [4, 5, 1.8123503754889847], [4, 6, 1.747125801529408], [4, 7, 1.7690734879202308], [4, 8, 1.7646162147940911], [4, 9, 1.7299943356167815], [5, 6, 1.7530866391690678], [5, 7, 1.7696225449512064], [5, 8, 1.7610651379207138], [5, 9, 1.7371428824328734], [6, 7, 1.7672547711346038], [6, 8, 1.7740839574760903], [6, 9, 1.7764545486338668], [7, 8, 1.7696456521055026], [7, 9, 1.7616516186410736], [8, 9, 1.7650551186022239]], "meta": {"kind": "synthetic_factor", "tickers": ["A0", "A1", "A2", "A3", "A4", "A5", "A6", "A7", "A8", "A9"]}}, "(10, 5, 0.5, 'synthetic_factor', 2026)": {"n": 10, "B": 5, "q": 0.5, "seed": 2026, "A": 1.578341484060211, "mu": [-0.01586244950315798, 0.004811425670765497, -0.03792652699198131, 0.027915434202173885, 0.012765894818564305, -0.00584094970438727, -0.0062389865638035145, 0.006076707355576248, -0.0053532060440867925, -0.0045181772232642725], "Sigma": [[0.04257742291648494, 0.002426051141471077, -6.704474741335716e-06, -0.051097827588941186, -0.011398902359868152, 0.034412140910546535, -0.028825248426175027, 0.05317626510553842, -0.010080665579295647, -0.004994131950191719], [0.002426051141471077, 0.02371399417973772, 0.00811416128910867, -0.014499938179566935, -0.01592713199244498, -0.04394195598103094, 0.034056266328975, -0.02719620849654894, 0.02018128558070591, -0.01670861104580723], [-6.704474741335716e-06, 0.00811416128910867, 0.025842401291474457, 0.008302967769994507, -0.002860347304918147, -0.05214470536049141, 0.029806188996658673, -0.009475891642858716, 0.032022832644026104, 0.013919476596752033], [-0.051097827588941186, -0.014499938179566935, 0.008302967769994507, 0.12250849505446738, 0.03246745297892156, -0.05128562660857109, 0.03356441234229947, -0.06033775131007435, 0.021983241406697412, 0.03850220276446087], [-0.011398902359868152, -0.01592713199244498, -0.002860347304918147, 0.03246745297892156, 0.032979029722182245, 0.021903101240409607, -0.019638440790216666, 0.011691045624118535, -0.009169738495345338, 0.02374455521401752], [0.034412140910546535, -0.04394195598103094, -0.05214470536049141, -0.05128562660857109, 0.021903101240409607, 0.24055144382704677, -0.1578341484060211, 0.13620070465876122, -0.11214828464526794, -0.0005523618147763656], [-0.028825248426175027, 0.034056266328975, 0.029806188996658673, 0.03356441234229947, -0.019638440790216666, -0.1578341484060211, 0.14624857617139067, -0.11387945333049179, 0.07264001257362313, -0.014965014121695014], [0.05317626510553842, -0.02719620849654894, -0.009475891642858716, -0.06033775131007435, 0.011691045624118535, 0.13620070465876122, -0.11387945333049179, 0.15930089632600614, -0.04865540111639212, 0.03206931108810312], [-0.010080665579295647, 0.02018128558070591, 0.032022832644026104, 0.021983241406697412, -0.009169738495345338, -0.11214828464526794, 0.07264001257362313, -0.04865540111639212, 0.09684302455285651, 0.011870157708538942], [-0.004994131950191719, -0.01670861104580723, 0.013919476596752033, 0.03850220276446087, 0.02374455521401752, -0.0005523618147763656, -0.014965014121695014, 0.03206931108810312, 0.011870157708538942, 0.09770599254305751]], "Q_triplets": [[0, 0, -14.175853420332077], [1, 1, -14.195622072287412], [2, 2, -14.173188892400171], [3, 3, -14.157776826115752], [4, 4, -14.19496678909009], [5, 5, -14.081877159776182], [6, 6, -14.128829575174302], [7, 7, -14.128461262056684], [8, 8, -14.153975241243428], [9, 9, -14.153961271658737], [0, 1, 3.159109019261893], [0, 2, 3.156676263645681], [0, 3, 3.1055851405314807], [0, 4, 3.145284065760554], [0, 5, 3.1910951090309685], [0, 6, 3.127857719694247], [0, 7, 3.2098592332259606], [0, 8, 3.1466023025411265], [0, 9, 3.1516888361702304], [1, 2, 3.1647971294095307], [1, 3, 3.1421830299408553], [1, 4, 3.140755836127977], [1, 5, 3.112741012139391], [1, 6, 3.190739234449397], [1, 7, 3.129486759623873], [1, 8, 3.176864253701128], [1, 9, 3.139974357074615], [2, 3, 3.1649859358904164], [2, 4, 3.153822620815504], [2, 5, 3.1045382627599305], [2, 6, 3.1864891571170806], [2, 7, 3.1472070764775633], [2, 8, 3.188705800764448], [2, 9, 3.170602444717174], [3, 4, 3.1891504210993435], [3, 5, 3.1053973415118508], [3, 6, 3.1902473804627216], [3, 7, 3.096345216810348], [3, 8, 3.1786662095271194], [3, 9, 3.195185170884883], [4, 5, 3.1785860693608314], [4, 6, 3.1370445273302052], [4, 7, 3.1683740137445406], [4, 8, 3.1475132296250767], [4, 9, 3.1804275233344397], [5, 6, 2.998848819714401], [5, 7, 3.2928836727791833], [5, 8, 3.0445346834751543], [5, 9, 3.156130606305646], [6, 7, 3.0428035147899304], [6, 8, 3.2293229806940453], [6, 9, 3.141717953998727], [7, 8, 3.10802756700403], [7, 9, 3.188752279208525], [8, 9, 3.1685531258289608]], "meta": {"kind": "synthetic_factor", "tickers": ["A0", "A1", "A2", "A3", "A4", "A5", "A6", "A7", "A8", "A9"]}}, "(10, 5, 0.8, 'synthetic_factor', 2027)": {"n": 10, "B": 5, "q": 0.8, "seed": 2027, "A": 3.9516868936486538, "mu": [0.002218207168186093, -0.0016751539189344394, -0.016083193719979228, -0.043043139474141505, 0.02423703849719098, -0.00963926183324789, -0.0038951312426116825, -0.01765590521537743, -0.01166555388898426, -0.020910548318553827], "Sigma": [[0.02459965305692973, -0.017425653120135436, 0.010437092492551949, -0.005188727976955705, -0.010251742607526733, 0.003925733961582826, -0.010959795589675596, 0.005935982940347864, 0.004704813794638293, 0.0033176512043388215], [-0.017425653120135436, 0.14743476143749154, -0.033035401003372405, 0.03002950239318675, 0.11153699806383495, -0.03725679987877783, -0.005346343253519938, -0.038223043016604494, 0.028318827369842092, -0.10428385436726037], [0.010437092492551949, -0.033035401003372405, 0.09108989074782681, 0.012058962615744132, -0.0749906234734128, 0.07862267423404071, -0.12201612747443734, -0.0013254370948716388, -0.04254682690326047, -0.05397695032299975], [-0.005188727976955705, 0.03002950239318675, 0.012058962615744132, 0.03238197718809994, -0.035448442726678416, 0.049082840525913, -0.028589629882367396, -0.021488048208273474, -0.06711977307632636, -0.024780051528803818], [-0.010251742607526733, 0.11153699806383495, -0.0749906234734128, -0.035448442726678416, 0.30100878126139546, -0.19764366404392597, 0.05420681583715235, 0.003852656559285685, 0.24698043085304083, -0.10595590607182191], [0.003925733961582826, -0.03725679987877783, 0.07862267423404071, 0.049082840525913, -0.19764366404392597, 0.18068290874813428, -0.1013017486481297, -0.023323401957617503, -0.20092410559538879, 0.0059490136392486735], [-0.010959795589675596, -0.005346343253519938, -0.12201612747443734, -0.028589629882367396, 0.05420681583715235, -0.1013017486481297, 0.2242180348044572, 0.016632320636427056, 0.031255284453626075, 0.15491705912957718], [0.005935982940347864, -0.038223043016604494, -0.0013254370948716388, -0.021488048208273474, 0.003852656559285685, -0.023323401957617503, 0.016632320636427056, 0.023913628846723285, 0.03617782883471701, 0.030122554324918192], [0.004704813794638293, 0.028318827369842092, -0.04254682690326047, -0.06711977307632636, 0.24698043085304083, -0.20092410559538879, 0.031255284453626075, 0.03617782883471701, 0.2914578238934188, -0.07317667483269599], [0.0033176512043388215, -0.10428385436726037, -0.05397695032299975, -0.024780051528803818, -0.10595590607182191, 0.0059490136392486735, 0.15491705912957718, 0.030122554324918192, -0.07317667483269599, 0.21610490242475472]], "Q_triplets": [[0, 0, -35.54594596182598], [1, 1, -35.4468992029041], [2, 2, -35.48909349149562], [3, 3, -35.530667833192574], [4, 4, -35.32922242552821], [5, 5, -35.418707863472726], [6, 6, -35.3850285887458], [7, 7, -35.54251995871743], [8, 8, -35.32968267294535], [9, 9, -35.38811601123437], [0, 1, 7.875492742305091], [0, 2, 7.92007313528539], [0, 3, 7.895071822534178], [0, 4, 7.886970999125265], [0, 5, 7.90965496163584], [0, 6, 7.8858381143538265], [0, 7, 7.912871360001864], [0, 8, 7.910901489368729], [0, 9, 7.9086820292242495], [1, 2, 7.850517145691912], [1, 3, 7.951420991126406], [1, 4, 8.081832984199444], [1, 5, 7.843762907491263], [1, 6, 7.8948196380916755], [1, 7, 7.84221691847074], [1, 8, 7.948683911089055], [1, 9, 7.736519620309691], [2, 3, 7.922668127482498], [2, 4, 7.783388789739847], [2, 5, 8.029170066071773], [2, 6, 7.708147983338208], [2, 7, 7.901253087945513], [2, 8, 7.835298864252091], [2, 9, 7.817010666780508], [3, 4, 7.846656278934622], [3, 5, 7.981906332138768], [3, 6, 7.85763037948552], [3, 7, 7.86899291016407], [3, 8, 7.795982150375186], [3, 9, 7.8637257048512215], [4, 5, 7.587143924827026], [4, 6, 7.990104692636751], [4, 7, 7.9095380377921645], [4, 8, 8.298542476662172], [4, 9, 7.733844337582393], [5, 6, 7.7412909894603], [5, 7, 7.86605634416512], [5, 8, 7.581895218344686], [5, 9, 7.9128922091201055], [6, 7, 7.929985500315591], [6, 8, 7.9533822424231095], [6, 9, 8.151241081904631], [7, 8, 7.961258313432855], [7, 9, 7.951569874217177], [8, 9, 7.786291107564994]], "meta": {"kind": "synthetic_factor", "tickers": ["A0", "A1", "A2", "A3", "A4", "A5", "A6", "A7", "A8", "A9"]}}, "(20, 10, 0.2, 'synthetic_factor', 2028)": {"n": 20, "B": 10, "q": 0.2, "seed": 2028, "A": 1.0926672158620376, "mu": [-0.004793480840111244, 0.023444273469583343, -0.029703254120996104, -0.03562865501050301, -0.01889187705929865, 0.008608689216324846, -0.011431342823551712, 0.02642849895091062, 0.0033619732186298476, 0.012614324558926372, 0.003005685677862776, 0.00824969237765057, 0.007247824522611409, -0.055230147755322076, 0.0031111716559091545, 0.01864226489394367, -0.0044147514452838425, 0.00977176525487416, -0.018962483117183435, -0.014293537211178483], "Sigma": [[0.26680798581797, -0.057367639719148066, -0.11848804287258258, 0.2731668039655094, -0.04783645126867911, 0.10414759534962063, -0.20309580463539398, -0.058770294662570076, 0.1635162935173405, -0.06980017744528448, -0.040222553554115456, -0.15677260954511626, 0.07254755738175823, 0.09171484218925008, 0.03784393766101507, -0.07356376700116268, -0.13883172136109487, -0.005649103377722644, -0.015123890584005125, -0.11220759511683989], [-0.057367639719148066, 0.09850929855249584, -0.06110466339209668, -0.1039208015185216, 0.07369804436752639, -0.09026011873207536, 0.041770641795397405, -0.02897878490963343, 0.006796784783687934, 0.07909032012810076, -0.09115337429068962, 0.039894772980990104, -0.060972425577065406, 0.038493789355078016, 0.020829982857104867, 0.044299649322965345, 0.030693395822424557, -0.0014781866282120165, -0.048892550510226965, 0.04161498812644501], [-0.11848804287258258, -0.06110466339209668, 0.2599964114195148, -0.07391418212756656, -0.09919320396307998, 0.10846721154825284, 0.15500986185064405, 0.09939520853941226, 0.0042053152216745306, -0.07380531492881393, 0.17384775125763488, 0.1624396706298973, -0.015135352453181585, -0.13895586314406538, -0.09091233997259988, 0.09492988539957638, 0.11700669343965824, 0.08580588381993266, 0.026973481286195422, 0.05870275869421386], [0.2731668039655094, -0.1039208015185216, -0.07391418212756656, 0.33262552463652195, -0.09259053727110583, 0.16171336567274588, -0.2170479086475237, -0.04062494826580484, 0.17794343409577543, -0.11519490435942716, 0.012242300071100332, -0.16442117689003075, 0.0995400995471667, 0.06802206234785393, 0.021695610687529517, -0.08375247923852454, -0.14762225627676348, 0.006074112415727993, 0.004579166448862379, -0.13024693986352828], [-0.04783645126867911, 0.07369804436752639, -0.09919320396307998, -0.09259053727110583, 0.09822784458923428, -0.11926178768608026, 0.007643775369697621, -0.034998992818008556, -0.06976548588452994, 0.08383843300810642, -0.09466939544411498, -0.016217748688555154, -0.03297738332381403, 0.044559294949636334, 0.03768625671243887, -0.013335897196635495, -0.0004556764614073016, -0.04497035745877758, -0.01712350667322838, 0.0222923897672809], [0.10414759534962063, -0.09026011873207536, 0.10846721154825284, 0.16171336567274588, -0.11926178768608026, 0.1863142259180747, -0.0364320387478257, 0.031025838915692272, 0.15369069136279445, -0.11523393961104414, 0.10346953751774064, 0.01203192723271616, 0.0406981240785427, -0.035074930240961304, -0.043911274391952325, 0.027410254055610324, -0.014506728849947503, 0.07221194844636998, 0.0014047132972066644, -0.04098984847626484], [-0.20309580463539398, 0.041770641795397405, 0.15500986185064405, -0.2170479086475237, 0.007643775369697621, -0.0364320387478257, 0.20888981814505922, 0.06381443444275553, -0.06581751767326396, 0.03401296356511743, 0.0619407089627871, 0.17880994544366172, -0.07350662893914821, -0.09451676646091478, -0.05449166617315228, 0.10807346094580786, 0.14125105322410064, 0.04819296472307869, -0.005542447725974956, 0.10393405058953291], [-0.058770294662570076, -0.02897878490963343, 0.09939520853941226, -0.04062494826580484, -0.034998992818008556, 0.031025838915692272, 0.06381443444275553, 0.05037959224823722, -0.032409881937607146, -0.026313024842414438, 0.07447720695187099, 0.057177564014404415, -0.00029501142462412706, -0.06128109502900062, -0.03459595327981071, 0.02400612870616754, 0.045619744002020714, 0.021723739202517862, 0.023089886070131724, 0.023668470569259026], [0.1635162935173405, 0.006796784783687934, 0.0042053152216745306, 0.17794343409577543, -0.06976548588452994, 0.15369069136279445, -0.06581751767326396, -0.032409881937607146, 0.3485336222949279, -0.06216750221428532, -0.029021271533190555, 0.02975967557803729, -0.0223323909614236, 0.05903337318376138, -0.013854564026842918, 0.09996843276104748, -0.02381668235569162, 0.11231044070437454, -0.1009136371741689, -0.033749834443990795], [-0.06980017744528448, 0.07909032012810076, -0.07380531492881393, -0.11519490435942716, 0.08383843300810642, -0.11523393961104414, 0.03401296356511743, -0.026313024842414438, -0.06216750221428532, 0.08945486389123262, -0.08507682609279485, 0.012596127888081062, -0.044633972344243183, 0.03235746069439031, 0.028109373335669832, 0.008139183518039994, 0.01978502469750587, -0.03141959246855964, -0.022591497256314052, 0.03600549919324512], [-0.040222553554115456, -0.09115337429068962, 0.17384775125763488, 0.012242300071100332, -0.09466939544411498, 0.10346953751774064, 0.0619407089627871, 0.07447720695187099, -0.029021271533190555, -0.08507682609279485, 0.17585420554020628, 0.059452500002430374, 0.03252879295132024, -0.10393533575295852, -0.061009682243634296, 0.014735362238604693, 0.04521099352910276, 0.03802333913126515, 0.0537629823049347, 0.007721936574130627], [-0.15677260954511626, 0.039894772980990104, 0.1624396706298973, -0.16442117689003075, -0.016217748688555154, 0.01203192723271616, 0.17880994544366172, 0.057177564014404415, 0.02975967557803729, 0.012596127888081062, 0.059452500002430374, 0.20191207950435403, -0.07828800798254924, -0.08126249559102208, -0.06065607934237543, 0.13689240749278977, 0.13555920234295996, 0.08176388471959863, -0.032372842073141145, 0.09406393913273636], [0.07254755738175823, -0.060972425577065406, -0.015135352453181585, 0.0995400995471667, -0.03297738332381403, 0.0406981240785427, -0.07350662893914821, -0.00029501142462412706, -0.0223323909614236, -0.044633972344243183, 0.03252879295132024, -0.07828800798254924, 0.06465214163326574, 0.0014925826940087247, 0.007086257937601343, -0.06735090932612756, -0.05596702813211173, -0.026677311503631455, 0.03895643038948811, -0.04930741964921203], [0.09171484218925008, 0.038493789355078016, -0.13895586314406538, 0.06802206234785393, 0.044559294949636334, -0.035074930240961304, -0.09451676646091478, -0.06128109502900062, 0.05903337318376138, 0.03235746069439031, -0.10393533575295852, -0.08126249559102208, 0.0014925826940087247, 0.09686603390703463, 0.047890443875587066, -0.0315480924846564, -0.06667756307130941, -0.02635290087960731, -0.035190089641292964, -0.03626237347619754], [0.03784393766101507, 0.020829982857104867, -0.09091233997259988, 0.021695610687529517, 0.03768625671243887, -0.043911274391952325, -0.05449166617315228, -0.03459595327981071, -0.013854564026842918, 0.028109373335669832, -0.061009682243634296, -0.06065607934237543, 0.007086257937601343, 0.047890443875587066, 0.03865402147366055, -0.03872390513128205, -0.042065072754436064, -0.03527974520946631, -0.005511580144897546, -0.02063920267265351], [-0.07356376700116268, 0.044299649322965345, 0.09492988539957638, -0.08375247923852454, -0.013335897196635495, 0.027410254055610324, 0.10807346094580786, 0.02400612870616754, 0.09996843276104748, 0.008139183518039994, 0.014735362238604693, 0.13689240749278977, -0.06735090932612756, -0.0315480924846564, -0.03872390513128205, 0.12542449668562872, 0.08792446567647981, 0.07930111855592431, -0.05394659233776238, 0.0607072878300504], [-0.13883172136109487, 0.030693395822424557, 0.11700669343965824, -0.14762225627676348, -0.0004556764614073016, -0.014506728849947503, 0.14125105322410064, 0.045619744002020714, -0.02381668235569162, 0.01978502469750587, 0.04521099352910276, 0.13555920234295996, -0.05596702813211173, -0.06667756307130941, -0.042065072754436064, 0.08792446567647981, 0.11444414308054074, 0.0446068410216672, -0.011237595953234801, 0.07469670173610077], [-0.005649103377722644, -0.0014781866282120165, 0.08580588381993266, 0.006074112415727993, -0.04497035745877758, 0.07221194844636998, 0.04819296472307869, 0.021723739202517862, 0.11231044070437454, -0.03141959246855964, 0.03802333913126515, 0.08176388471959863, -0.026677311503631455, -0.02635290087960731, -0.03527974520946631, 0.07930111855592431, 0.0446068410216672, 0.08450779559582239, -0.03317143743278763, 0.02109989849605874], [-0.015123890584005125, -0.048892550510226965, 0.026973481286195422, 0.004579166448862379, -0.01712350667322838, 0.0014047132972066644, -0.005542447725974956, 0.023089886070131724, -0.1009136371741689, -0.022591497256314052, 0.0537629823049347, -0.032372842073141145, 0.03895643038948811, -0.035190089641292964, -0.005511580144897546, -0.05394659233776238, -0.011237595953234801, -0.03317143743278763, 0.058598875127836944, -0.013180053629475257], [-0.11220759511683989, 0.04161498812644501, 0.05870275869421386, -0.13024693986352828, 0.0222923897672809, -0.04098984847626484, 0.10393405058953291, 0.023668470569259026, -0.033749834443990795, 0.03600549919324512, 0.007721936574130627, 0.09406393913273636, -0.04930741964921203, -0.03626237347619754, -0.02063920267265351, 0.0607072878300504, 0.07469670173610077, 0.02109989849605874, -0.013180053629475257, 0.08203029392893318]], "Q_triplets": [[0, 0, -20.70348071954303], [1, 1, -20.759730660443882], [2, 2, -20.684915215798014], [3, 3, -20.665649072443006], [4, 4, -20.72591803081343], [5, 5, -20.73030120756816], [6, 6, -20.709754063490863], [7, 7, -20.771743982089795], [8, 8, -20.69365995549463], [9, 9, -20.75287758824761], [10, 10, -20.727910808812965], [11, 11, -20.726894439379965], [12, 12, -20.75354493267015], [13, 13, -20.69711977639305], [14, 14, -20.75543523440871], [15, 15, -20.750506013956745], [16, 16, -20.73425647160638], [17, 17, -20.75159295446345], [18, 18, -20.7337873398594], [19, 19, -20.732836212823987], [0, 1, 2.162387375836416], [0, 2, 2.1379392145750424], [0, 3, 2.2946011533102793], [0, 4, 2.1661998512166036], [0, 5, 2.2269934698639235], [0, 6, 2.104096109869918], [0, 7, 2.161826313859047], [0, 8, 2.2507409491310115], [0, 9, 2.1574143607459613], [0, 10, 2.169245410302429], [0, 11, 2.122625387906029], [0, 12, 2.2143534546767785], [0, 13, 2.2220203685997753], [0, 14, 2.2004720067884813], [0, 15, 2.1559089249236103], [0, 16, 2.1298017431796374], [0, 17, 2.183074790372986], [0, 18, 2.179284875490473], [0, 19, 2.1404513936773393], [1, 2, 2.1608925663672367], [1, 3, 2.143766111116667], [1, 4, 2.2148136494710857], [1, 5, 2.1492303842312452], [1, 6, 2.2020426884422344], [1, 7, 2.173742917760222], [1, 8, 2.1880531456375505], [1, 9, 2.2169705597753158], [1, 10, 2.1488730820077993], [1, 11, 2.2012923409164715], [1, 12, 2.1609454614932493], [1, 13, 2.2007319474661067], [1, 14, 2.193666424866917], [1, 15, 2.2030542914532614], [1, 16, 2.197611790053045], [1, 17, 2.1847431570727904], [1, 18, 2.1657774115199846], [1, 19, 2.2019804269746532], [2, 3, 2.1557687588730485], [2, 4, 2.145657150138843], [2, 5, 2.2287213163433766], [2, 6, 2.247338376464333], [2, 7, 2.22509251513984], [2, 8, 2.187016557812745], [2, 9, 2.1558123057525496], [2, 10, 2.2548735322271294], [2, 11, 2.250310299976034], [2, 12, 2.1792802907428026], [2, 13, 2.129752086466449], [2, 14, 2.1489694957350354], [2, 15, 2.2233063858839057], [2, 16, 2.2321371090999387], [2, 17, 2.2196567852520483], [2, 18, 2.1961238242385535], [2, 19, 2.2088155352017607], [3, 4, 2.148298216815633], [3, 5, 2.2500197779931734], [3, 6, 2.0985152682650656], [3, 7, 2.1690844524177533], [3, 8, 2.2565118053623854], [3, 9, 2.1392564699803045], [3, 10, 2.1902313517525154], [3, 11, 2.119565960968063], [3, 12, 2.2251504715429418], [3, 13, 2.212543256663217], [3, 14, 2.1940126759990872], [3, 15, 2.1518334400286654], [3, 16, 2.1262855292133698], [3, 17, 2.1877640766903665], [3, 18, 2.1871660983036203], [3, 19, 2.133235655778664], [4, 5, 2.137629716649643], [4, 6, 2.1883919418719544], [4, 7, 2.171334834596872], [4, 8, 2.1574282373702633], [4, 9, 2.218869804927318], [4, 10, 2.1474666735464294], [4, 11, 2.1788473322486532], [4, 12, 2.1721434783945495], [4, 13, 2.20315814970393], [4, 14, 2.200408934409051], [4, 15, 2.180000072845421], [4, 16, 2.1851521611395124], [4, 17, 2.167346288740564], [4, 18, 2.1784850290547837], [4, 19, 2.1942513876309877], [5, 6, 2.170761616224945], [5, 7, 2.1977447672903523], [5, 8, 2.246810708269193], [5, 9, 2.1392408558796574], [5, 10, 2.2267222467311716], [5, 11, 2.190147202617162], [5, 12, 2.2016136813554925], [5, 13, 2.1713044596276907], [5, 14, 2.1677699219672943], [5, 15, 2.196298533346319], [5, 16, 2.179531740184096], [5, 17, 2.2142192111026233], [5, 18, 2.1858963170429577], [5, 19, 2.1689384923335693], [6, 7, 2.2108602055011777], [6, 8, 2.1590074246547695], [6, 9, 2.1989396171501223], [6, 10, 2.21011071530919], [6, 11, 2.25685840990154], [6, 12, 2.155931780148416], [6, 13, 2.1475277251397094], [6, 14, 2.1635377652548144], [6, 15, 2.2285638161023984], [6, 16, 2.2418348530137155], [6, 17, 2.2046116176133066], [6, 18, 2.1831174526336854], [6, 19, 2.2269080519598883], [7, 8, 2.1723704789490323], [7, 9, 2.1748092217871093], [7, 10, 2.2151253145048235], [7, 11, 2.208205457329837], [7, 12, 2.185216427154226], [7, 13, 2.160821993712475], [7, 14, 2.1714960504121508], [7, 15, 2.1949368832065423], [7, 16, 2.2035823293248837], [7, 17, 2.1940239274050826], [7, 18, 2.1945703861521277], [7, 19, 2.194801819951779], [8, 9, 2.160467430838361], [8, 10, 2.173725923110799], [8, 11, 2.19723830195529], [8, 12, 2.176401475339506], [8, 13, 2.2089477809975797], [8, 14, 2.179792606113338], [8, 15, 2.225321804828494], [8, 16, 2.1758077587817986], [8, 17, 2.230258608005825], [8, 18, 2.1449689768544076], [8, 19, 2.1718344979464788], [9, 10, 2.1513037012869574], [9, 11, 2.190372882879308], [9, 12, 2.167480842786378], [9, 13, 2.1982774160018312], [9, 14, 2.196578181058343], [9, 15, 2.1885901051312913], [9, 16, 2.1932484416030777], [9, 17, 2.1727665947366512], [9, 18, 2.1762978328215494], [9, 19, 2.199736631401373], [10, 11, 2.2091154317250474], [10, 12, 2.1983459489046036], [10, 13, 2.143760297422892], [10, 14, 2.1609305588266214], [10, 15, 2.191228576619517], [10, 16, 2.203418829135716], [10, 17, 2.2005437673765815], [10, 18, 2.206839624646049], [10, 19, 2.1884232063537277], [11, 12, 2.1540192285310558], [11, 13, 2.1528294334876663], [11, 14, 2.1610719999871253], [11, 15, 2.2400913947211913], [11, 16, 2.239558112661259], [11, 17, 2.218039985611915], [11, 18, 2.172385294894819], [11, 19, 2.2229600073771696], [12, 13, 2.1859314648016785], [12, 14, 2.188168934899116], [12, 15, 2.1583940679936244], [12, 16, 2.162947620471231], [12, 17, 2.174663507122623], [12, 18, 2.2009170038798707], [12, 19, 2.1656114638643906], [13, 14, 2.20449060927431], [13, 15, 2.1727151947302126], [13, 16, 2.1586634064955517], [13, 17, 2.1747932713722324], [13, 18, 2.171258395867558], [13, 19, 2.170829482333596], [14, 15, 2.1698448696715626], [14, 16, 2.168508402622301], [14, 17, 2.1712225336402886], [14, 18, 2.183129799666116], [14, 19, 2.177078750655014], [15, 16, 2.2205042179946672], [15, 17, 2.217054879146445], [15, 18, 2.1637557947889703], [15, 19, 2.2096173468560956], [16, 17, 2.203177168132742], [16, 18, 2.180839393342781], [16, 19, 2.2152131124185157], [17, 18, 2.1720658567509603], [17, 19, 2.1937743911224987], [18, 19, 2.180062410272285]], "meta": {"kind": "synthetic_factor", "tickers": ["A0", "A1", "A2", "A3", "A4", "A5", "A6", "A7", "A8", "A9", "A10", "A11", "A12", "A13", "A14", "A15", "A16", "A17", "A18", "A19"]}}, "(20, 10, 0.5, 'synthetic_factor', 2029)": {"n": 20, "B": 10, "q": 0.5, "seed": 2029, "A": 1.9881303526407539, "mu": [-0.0050822705482933455, 0.012743724429267998, -0.014875763282481596, 0.029117929696577827, 0.000617404536793098, 0.01567708738530552, 0.02432511296594427, -0.0052438599397285224, -0.02327875152525071, -0.014955213703336495, 0.03005834454976394, 0.02666812277933694, 0.007804352334818532, 0.006988652472717033, -0.008147128451854432, 0.005584522380084713, -0.008104468001130264, -0.035994824794973665, -0.003485641682684445, 0.012314781280276741], "Sigma": [[0.025530150214507948, 0.03494169170875128, 0.03587957478014147, -0.026898816722306783, 0.006690226641267269, -0.000901786072761633, 0.022564790902644148, -0.025428311455368932, 0.023005376026075313, -0.050186540214508996, -0.0054855267409771105, 0.039957627974295314, -0.01730515308116668, -5.610367613246084e-05, 0.011363200361024787, -0.017716300406005425, -0.014011287772632724, -0.02019300554380781, -0.0407385640724835, 0.006471767254688991], [0.03494169170875128, 0.13570621761343896, 0.07123384744220401, -0.11330864059292195, 0.07539549459436033, 0.022945636612941384, 0.1420562677734719, -0.04788130784476961, 0.0905954786966961, -0.16694652673549418, -0.08161363533412902, 0.10412699432657979, -0.005433701881246512, -0.03268150572834662, 0.04886812501120132, -0.09367753236431002, -0.0910186389814623, -0.06331558901731844, -0.10359075408610093, -0.014090688305211449], [0.03587957478014147, 0.07123384744220401, 0.3657580994978325, -0.0959628887817694, -0.08084120623049156, 0.012261021326093958, 0.10755530634572529, -0.00867362396529504, -0.06771085964919493, -0.11481136612453939, 0.19371279120216392, 0.14224610842152613, -0.05734004607194235, -0.004780391670248511, -0.18259677600884025, -0.1620170950526164, -0.013853258382395608, -0.0234317955095537, -0.07758302661269288, 0.05078434706422434], [-0.026898816722306783, -0.11330864059292195, -0.0959628887817694, 0.1319627889379141, -0.06720314379154267, -0.03419792529544142, -0.1617160345369478, 0.012738680890811836, -0.05683939756454402, 0.13989683534890693, 0.05374042598386318, -0.08480823537301763, -0.015648351033533504, 0.04331454643801656, -0.001759979752706137, 0.12026317692208607, 0.09282688483174743, 0.04645129900957851, 0.06881217975012821, 0.020547424425981266], [0.006690226641267269, 0.07539549459436033, -0.08084120623049156, -0.06720314379154267, 0.11544962886452424, 0.03246814776064902, 0.11743522124137903, 0.001796152980143892, 0.08469329526173477, -0.0769946641060508, -0.14955302195211267, 0.007563679645713445, 0.05274559730466574, -0.045703018173600944, 0.08390414964527496, -0.04771860433927751, -0.08979034912696238, -0.030947796114734836, -0.020356510910419894, -0.050028794358063], [-0.000901786072761633, 0.022945636612941384, 0.012261021326093958, -0.03419792529544142, 0.03246814776064902, 0.04239824200535229, 0.07073785640134096, 0.027305747156110397, 0.003349247961148107, -0.0186770038247261, -0.025093689746308368, -0.0015472907148160134, 0.033579789403167914, -0.027143766990163486, -0.01565632188925009, -0.0517382184012065, -0.03887945295011203, -0.0012178460288796863, 0.013018150074553033, -0.021630090777764163], [0.022564790902644148, 0.1420562677734719, 0.10755530634572529, -0.1617160345369478, 0.11743522124137903, 0.07073785640134096, 0.28638836776984383, 0.03650620338567465, 0.05698606936757085, -0.15842587828855176, -0.09245161596627681, 0.073403394183734, 0.07305414139515921, -0.08657647885678987, -0.025811026373429434, -0.1988130352640754, -0.1516637401689297, -0.04386071620519896, -0.03892456847886039, -0.05646949404192805], [-0.025428311455368932, -0.04788130784476961, -0.00867362396529504, 0.012738680890811836, 0.001796152980143892, 0.027305747156110397, 0.03650620338567465, 0.09098653338030338, -0.06426134917660876, 0.08083893386521092, 0.023324112071838744, -0.07157990575568886, 0.0648480554951497, -0.02801314491946045, -0.0763625144998426, -0.03900392349433878, -0.007936926869243462, 0.04300918053395062, 0.09678634611048023, -0.028011786503271158], [0.023005376026075313, 0.0905954786966961, -0.06771085964919493, -0.05683939756454402, 0.08469329526173477, 0.003349247961148107, 0.05698606936757085, -0.06426134917660876, 0.13381881690932107, -0.11518187787551307, -0.13779128285165843, 0.05472066529536482, -0.007231661917327228, -0.013082738489210691, 0.12803930555179255, -0.0004342968880214626, -0.061258714645556114, -0.05511575008928593, -0.08589606004505534, -0.01841157147886648], [-0.050186540214508996, -0.16694652673549418, -0.11481136612453939, 0.13989683534890693, -0.0769946641060508, -0.0186770038247261, -0.15842587828855176, 0.08083893386521092, -0.11518187787551307, 0.22994533505110376, 0.08142271675193694, -0.15146452523940063, 0.03080931549605838, 0.02874176976966218, -0.06158039876438252, 0.1081531811822645, 0.10122002542135766, 0.08628014439317053, 0.15265186815848752, 0.002842509688863587], [-0.0054855267409771105, -0.08161363533412902, 0.19371279120216392, 0.05374042598386318, -0.14955302195211267, -0.025093689746308368, -0.09245161596627681, 0.023324112071838744, -0.13779128285165843, 0.08142271675193694, 0.24051090127046773, 0.009477320390931354, -0.05654740856555851, 0.04227891312272541, -0.1740124981390466, -0.00442878782971786, 0.09688821792546687, 0.04267656604463695, 0.032063418630245505, 0.06334268643356988], [0.039957627974295314, 0.10412699432657979, 0.14224610842152613, -0.08480823537301763, 0.007563679645713445, -0.0015472907148160134, 0.073403394183734, -0.07157990575568886, 0.05472066529536482, -0.15146452523940063, 0.009477320390931354, 0.13208479174902796, -0.05544243329138552, -4.822500563207363e-05, 0.009074349862051212, -0.06729703188010096, -0.039178974950750955, -0.05829658748360859, -0.12174622148633285, 0.024585851649438068], [-0.01730515308116668, -0.005433701881246512, -0.05734004607194235, -0.015648351033533504, 0.05274559730466574, 0.033579789403167914, 0.07305414139515921, 0.0648480554951497, -0.007231661917327228, 0.03080931549605838, -0.05654740856555851, -0.05544243329138552, 0.08224010726489578, -0.04018598488303624, -0.011348772484170152, -0.04214691345733247, -0.0442549368240753, 0.019080111357335658, 0.0654762547423955, -0.04452826123365218], [-5.610367613246084e-05, -0.03268150572834662, -0.004780391670248511, 0.04331454643801656, -0.045703018173600944, -0.027143766990163486, -0.08657647885678987, -0.02801314491946045, -0.013082738489210691, 0.02874176976966218, 0.04227891312272541, -4.822500563207363e-05, -0.04018598488303624, 0.0416249935103674, 0.006982641029145377, 0.05923702573291936, 0.05033735603526264, 0.005022224774767154, -0.010469065313810437, 0.027712580328443443], [0.011363200361024787, 0.04886812501120132, -0.18259677600884025, -0.001759979752706137, 0.08390414964527496, -0.01565632188925009, -0.025811026373429434, -0.0763625144998426, 0.12803930555179255, -0.06158039876438252, -0.1740124981390466, 0.009074349862051212, -0.011348772484170152, 0.006982641029145377, 0.1952781156811589, 0.08375475985801908, -0.02820132564722023, -0.044287652181817905, -0.06620004687020972, -0.018864210389475708], [-0.017716300406005425, -0.09367753236431002, -0.1620170950526164, 0.12026317692208607, -0.04771860433927751, -0.0517382184012065, -0.1988130352640754, -0.03900392349433878, -0.0004342968880214626, 0.1081531811822645, -0.00442878782971786, -0.06729703188010096, -0.04214691345733247, 0.05923702573291936, 0.08375475985801908, 0.17811842645417172, 0.09598659415338814, 0.022932849915931863, 0.022964220504651356, 0.025762042475642496], [-0.014011287772632724, -0.0910186389814623, -0.013853258382395608, 0.09282688483174743, -0.08979034912696238, -0.03887945295011203, -0.1516637401689297, -0.007936926869243462, -0.061258714645556114, 0.10122002542135766, 0.09688821792546687, -0.039178974950750955, -0.0442549368240753, 0.05033735603526264, -0.02820132564722023, 0.09598659415338814, 0.10295681143365573, 0.03351608264810999, 0.03219702976330882, 0.03968940402020942], [-0.02019300554380781, -0.06331558901731844, -0.0234317955095537, 0.04645129900957851, -0.030947796114734836, -0.0012178460288796863, -0.04386071620519896, 0.04300918053395062, -0.05511575008928593, 0.08628014439317053, 0.04267656604463695, -0.05829658748360859, 0.019080111357335658, 0.005022224774767154, -0.044287652181817905, 0.022932849915931863, 0.03351608264810999, 0.0462638700337417, 0.06641003663716967, -0.0012170234338795254], [-0.0407385640724835, -0.10359075408610093, -0.07758302661269288, 0.06881217975012821, -0.020356510910419894, 0.013018150074553033, -0.03892456847886039, 0.09678634611048023, -0.08589606004505534, 0.15265186815848752, 0.032063418630245505, -0.12174622148633285, 0.0654762547423955, -0.010469065313810437, -0.06620004687020972, 0.022964220504651356, 0.03219702976330882, 0.06641003663716967, 0.14073083648141302, -0.024456214935036517], [0.006471767254688991, -0.014090688305211449, 0.05078434706422434, 0.020547424425981266, -0.050028794358063, -0.021630090777764163, -0.05646949404192805, -0.028011786503271158, -0.01841157147886648, 0.002842509688863587, 0.06334268643356988, 0.024585851649438068, -0.04452826123365218, 0.027712580328443443, -0.018864210389475708, 0.025762042475642496, 0.03968940402020942, -0.0012170234338795254, -0.024456214935036517, 0.03922883597958955]], "Q_triplets": [[0, 0, -37.75917048979292], [1, 1, -37.71299545358224], [2, 2, -37.58415976878417], [3, 3, -37.72305427055366], [4, 4, -37.71706058801046], [5, 5, -37.7611161228643], [6, 6, -37.64344507277237], [7, 7, -37.72636150351431], [8, 8, -37.69592791595704], [9, 9, -37.652026425797104], [10, 10, -37.66925042181397], [11, 11, -37.72176836568948], [12, 12, -37.737258822709286], [13, 13, -37.7571585296555], [14, 14, -37.67276407810782], [15, 15, -37.68820974813728], [16, 16, -37.71894606045693], [17, 17, -37.73334735275997], [18, 18, -37.70236846109228], [19, 19, -37.761019672824666], [0, 1, 4.011202396990259], [0, 2, 4.012140280061649], [0, 3, 3.949361888559201], [0, 4, 3.982950931922775], [0, 5, 3.975358919208746], [0, 6, 3.998825496184152], [0, 7, 3.950832393826139], [0, 8, 3.999266081307583], [0, 9, 3.9260741650669986], [0, 10, 3.9707751785405305], [0, 11, 4.016218333255803], [0, 12, 3.958955552200341], [0, 13, 3.9762046016053754], [0, 14, 3.9876239056425327], [0, 15, 3.9585444048755023], [0, 16, 3.962249417508875], [0, 17, 3.9560676997377], [0, 18, 3.935522141209024], [0, 19, 3.9827324725361968], [1, 2, 4.047494552723712], [1, 3, 3.862952064688586], [1, 4, 4.051656199875868], [1, 5, 3.9992063418944492], [1, 6, 4.11831697305498], [1, 7, 3.9283793974367383], [1, 8, 4.066856183978204], [1, 9, 3.8093141785460136], [1, 10, 3.8946470699473785], [1, 11, 4.080387699608088], [1, 12, 3.9708270034002613], [1, 13, 3.9435791995531613], [1, 14, 4.025128830292709], [1, 15, 3.882583172917198], [1, 16, 3.8852420663000453], [1, 17, 3.9129451162641895], [1, 18, 3.872669951195407], [1, 19, 3.9621700169762963], [2, 3, 3.8802978164997386], [2, 4, 3.895419499051016], [2, 5, 3.9885217266076016], [2, 6, 4.083816011627233], [2, 7, 3.967587081316213], [2, 8, 3.908549845632313], [2, 9, 3.861449339156968], [2, 10, 4.169973496483672], 